parameters: number_of_iterations max_size_of_buffer number_of_iterations_for_mem_test
20480	1397294312
21480	1466553130
22480	1536231668
23480	1606462686
24480	1675664800
25480	1755503381
26480	1814678811
27480	1883754131
28480	1952101575
29480	2020719807
30480	2091082320
31480	2158556383
32480	2226969411
33480	2296802417
34480	2366151878
35480	2434708617
36480	2501611027
37480	2570748404
38480	2639239998
39480	2707826905
40480	2792119589
41480	2844987587
42480	2914414248
43480	2981928406
44480	3051705898
45480	3119109982
46480	3189402075
47480	3256567768
48480	3326116695
49480	3393432784
50480	3463139791
51480	3530634969
52480	3600229984
53480	3667758437
54480	3737061624
55480	3804718412
56480	3874303663
57480	3946608237
58480	4011845700
59480	4080597029
60480	4164027738
61480	4218616901
62480	4287048146
63480	4353697180
64480	4423725406
65480	4491065857
66480	4568625914
67480	4628963933
68480	4708143517
69480	4765807457
70480	4845516577
71480	4903378088
72480	4979619735
73480	5039681724
74480	5111293466
75480	5178559669
76480	5246753291
77480	5315759493
78480	5384440624
79480	5453094559
80480	5556505186
81480	5588786922
82480	5659061819
83480	5726329129
84480	5796054843
85480	5863458969
86480	5933642311
87480	6000698589
88480	6075807282
89480	6137380484
90480	6216179419
91480	6274728269
92480	6352940514
93480	6411396189
94480	6488668232
95480	6583733900
96480	6622088013
97480	6685692057
98480	6756310849
99480	6823604926
